-3.7 , 137.8
4.0 , 137.9
3.3 , 4.7
3.1 , 41.9
2.3 , 41.6
6.4 , 144.7
-0.1 , 126.2
5.1 , 137.6
1.6 , 57.2
-1.0 , 107.4
16.3 , 97.7
9.0 , 64.2
9.3 , 61.0
10.1 , 39.2
11.3 , 122.8
7.4 , 57.9
12.6 , 113.6
21.0 , 17.0
10.6 , 113.2
21.0 , 132.3
-11.3 , 78.7
-3.0 , 1.4
-2.3 , 17.4
-1.1 , -4.9
-10.3 , 4.6
5.3 , 51.4
-10.6 , -1.8
20.0 , 17.4
4.4 , 50.9
-21.0 , 48.7
11.3 , 26.8
3.0 , 70.2
2.3 , 144.3
1.1 , 60.8
10.3 , 85.8
-5.3 , 32.3
10.6 , 110.2
-20.0 , 97.9
-4.4 , -1.8
21.0 , 141.2

 
